data/time_step_0_small.json
{"header": { "parameterCategory": 2, "parameterCategoryName": "Momentum", "parameterNumber": 2, "parameterNumberName": "U-component_of_wind", "parameterUnit": "m.s-1", "nx": 145, "ny": 141, "basicAngle": 0, "lo1": 92.0, "la1": -10.0, "lo2": 128.0, "la2": 25.0, "dx": 0.25, "dy": 0.25 }, "data":
[rows 114 to 132 of 141, columns 0 to 42 of 145]
4.337157726287842,4.207157611846924,4.18715763092041,3.877157688140869,3.3571577072143555,2.947157621383667,2.897157669067383,2.577157497406006,1.697157621383667,-1.3128423690795898,-0.8928424119949341,1.9271576404571533,2.197157621383667,-0.6228424310684204,-0.8228424191474915,-1.1228424310684204,-0.9228423833847046,-0.942842423915863,-2.602842330932617,-1.892842411994934,-0.32284241914749146,1.65715754032135,-0.31284239888191223,0.15715759992599487,-0.32284241914749146,1.0771576166152954,1.757157564163208,1.15715754032135,0.4471575915813446,0.03715759143233299,-0.012842407450079918,0.24715758860111237,0.9671576023101807,-0.6828424334526062,0.8871576189994812,0.3871575891971588,-0.422842413187027,1.357157588005066,0.48715758323669434,0.2971575856208801,0.3871575891971588,0.23715759813785553,-0.5328423976898193
4.237157821655273,3.6571576595306396,3.247157573699951,2.827157497406006,2.647157669067383,2.7171576023101807,2.4271576404571533,1.697157621383667,0.3571575880050659,-1.5428423881530762,-0.7028424143791199,2.3671576976776123,2.257157564163208,0.6371576189994812,0.1371575891971588,-0.2428424060344696,-0.7128424048423767,-0.9228423833847046,-2.2628424167633057,-1.5428423881530762,0.42715758085250854,1.3871575593948364,-0.9628424048423767,-0.4928424060344696,-0.6128423810005188,0.947157621383667,1.5371575355529785,1.357157588005066,0.43715760111808777,-0.6428424119949341,0.5871576070785522,0.2571575939655304,0.8871576189994812,-0.12284240871667862,0.5371575951576233,0.3871575891971588,-0.5628424286842346,1.1771576404571533,0.9071575999259949,0.1671575903892517,0.10715759545564651,0.18715758621692657,-0.20284241437911987
4.027157783508301,2.9871575832366943,2.307157516479492,1.8971575498580933,2.007157564163208,2.447157621383667,2.267157554626465,0.6571575999259949,-0.2428424060344696,-0.6828424334526062,0.18715758621692657,2.397157669067383,1.5671576261520386,0.757157564163208,-0.16284240782260895,0.08715759217739105,-1.0728423595428467,-1.392842411994934,-2.172842502593994,-1.1628423929214478,1.0371575355529785,0.8471575975418091,-0.3328424096107483,-0.13284240663051605,-1.0828423500061035,1.257157564163208,1.4971575736999512,1.6671576499938965,0.4471575915813446,-0.6628423929214478,1.357157588005066,0.377157598733902,0.5371575951576233,-0.22284241020679474,0.007157592568546534,0.4171575903892517,-0.7828423976898193,1.40715754032135,0.9271575808525085,-0.4328424036502838,-0.5928424000740051,-0.16284240782260895,-0.422842413187027
3.747157573699951,2.7271575927734375,1.9371576309204102,1.3771575689315796,1.3671575784683228,1.90715754032135,1.4171576499938965,-0.012842407450079918,-0.4928424060344696,-0.7728424072265625,1.9271576404571533,2.127157688140869,1.40715754032135,1.257157564163208,0.4071575999259949,0.8571575880050659,-1.1328424215316772,-1.4728424549102783,-1.492842435836792,-0.5828424096107483,1.3971575498580933,1.3971575498580933,0.15715759992599487,-0.48284241557121277,-0.7128424048423767,0.5771576166152954,0.5771576166152954,1.5371575355529785,0.9971575736999512,0.03715759143233299,0.897157609462738,1.1671576499938965,0.047157593071460724,-0.742842435836792,-0.06284240633249283,0.23715759813785553,-1.1328424215316772,1.4171576499938965,0.8271576166152954,-0.5228424072265625,-0.9028424024581909,-0.052842408418655396,-0.5328423976898193
3.1671576499938965,2.567157506942749,1.9571576118469238,1.2871575355529785,0.9571576118469238,1.3971575498580933,1.607157588005066,-0.44284239411354065,-0.552842378616333,-0.5628424286842346,2.6171576976776123,1.5371575355529785,2.0971574783325195,1.597157597541809,1.047157645225525,1.6771576404571533,-1.7728424072265625,-1.3528424501419067,-1.6828423738479614,-1.09284245967865,2.007157564163208,2.127157688140869,0.8671575784683228,-0.7828423976898193,-0.4528424143791199,-0.44284239411354065,0.7271575927734375,1.6271575689315796,0.9171575903892517,0.30715760588645935,0.9971575736999512,1.3071576356887817,-0.22284241020679474,-1.09284245967865,0.3871575891971588,0.03715759143233299,0.02715759351849556,0.4471575915813446,0.5171576142311096,0.4071575999259949,-0.7228423953056335,-0.09284240752458572,0.08715759217739105
2.5971574783325195,2.0971574783325195,1.947157621383667,1.4671576023101807,0.9771575927734375,1.107157588005066,0.6171575784683228,-0.9028424024581909,-0.5428423881530762,-0.1828424036502838,3.6571576595306396,2.257157564163208,2.817157506942749,1.1171575784683228,1.8371576070785522,1.597157597541809,-2.5828423500061035,-1.59284245967865,-1.5428423881530762,-0.5428423881530762,3.377157688140869,2.397157669067383,1.1871576309204102,-0.5428423881530762,-0.09284240752458572,-0.4328424036502838,1.2171576023101807,1.4771575927734375,0.9671576023101807,1.2271575927734375,1.15715754032135,0.9871575832366943,-0.29284241795539856,-0.5328423976898193,0.5971575975418091,-0.3428424000740051,0.49715760350227356,0.17715759575366974,0.6371576189994812,0.11715759336948395,0.3471575975418091,-0.4628424048423767,-0.4028424024581909
2.007157564163208,1.7271575927734375,2.0871574878692627,1.8271576166152954,1.1671576499938965,0.20715759694576263,-0.7128424048423767,-0.6828424334526062,-0.6328424215316772,1.3371576070785522,3.8571577072143555,1.8771575689315796,1.3271576166152954,1.1271575689315796,1.947157621383667,1.6471575498580933,-1.3828424215316772,-1.5728423595428467,-1.392842411994934,0.43715760111808777,1.9871575832366943,1.107157588005066,1.3971575498580933,0.5471575856208801,-0.942842423915863,0.8871576189994812,0.6671575903892517,0.8471575975418091,0.697157621383667,0.9871575832366943,0.9171575903892517,1.257157564163208,0.4771575927734375,0.5971575975418091,0.02715759351849556,-0.6628423929214478,-0.12284240871667862,0.4171575903892517,0.33715760707855225,0.5871576070785522,0.807157576084137,0.07715759426355362,-0.5328423976898193
1.1671576499938965,1.3871575593948364,2.0271575450897217,1.9371576309204102,1.257157564163208,-0.3628424108028412,-0.7928423881530762,-0.3428424000740051,-0.09284240752458572,2.9671576023101807,2.7271575927734375,2.057157516479492,2.5371575355529785,2.4271576404571533,1.9871575832366943,2.6671576499938965,-0.802842378616333,-1.84284245967865,-1.7728424072265625,1.2671575546264648,1.2771575450897217,-0.012842407450079918,2.057157516479492,0.8771575689315796,0.6271575689315796,0.5271576046943665,-0.03284240886569023,0.2571575939655304,-0.22284241020679474,1.0771576166152954,0.9271575808525085,1.5171575546264648,0.4771575927734375,0.48715758323669434,-0.13284240663051605,-0.9228423833847046,0.4771575927734375,0.5371575951576233,0.21715758740901947,0.1971575915813446,0.9871575832366943,0.6371576189994812,-0.3628424108028412
0.7971575856208801,0.807157576084137,0.7271575927734375,1.0771576166152954,0.3171575963497162,-0.9728423953056335,-0.8728424310684204,-0.06284240633249283,1.8771575689315796,3.1671576499938965,2.5871574878692627,0.8171575665473938,1.3871575593948364,1.1171575784683228,2.1671576499938965,3.4871575832366943,-0.8428424000740051,-1.59284245967865,-0.9828423857688904,1.4571576118469238,0.507157564163208,-0.14284241199493408,2.207157611846924,1.4771575927734375,1.6671576499938965,0.9571576118469238,-0.07284240424633026,-0.3628424108028412,0.48715758323669434,0.48715758323669434,0.8271576166152954,1.297157645225525,-0.6428424119949341,0.24715758860111237,0.7671576142311096,-0.15284240245819092,0.33715760707855225,0.7171576023101807,0.377157598733902,0.30715760588645935,0.5371575951576233,0.9371575713157654,-0.08284240961074829
0.1971575915813446,-0.5228424072265625,0.07715759426355362,0.6271575689315796,-0.23284240067005157,-0.9328424334526062,-1.0228424072265625,0.5671575665473938,3.0971574783325195,2.457157611846924,3.757157564163208,1.8971575498580933,1.8671575784683228,0.7871575951576233,1.7671575546264648,4.017157554626465,0.49715760350227356,-1.4128423929214478,-1.152842402458191,2.077157497406006,0.3171575963497162,0.46715760231018066,2.197157621383667,1.6871576309204102,1.357157588005066,0.4171575903892517,-0.15284240245819092,-0.22284241020679474,-0.4328424036502838,-0.372842401266098,0.8571575880050659,1.607157588005066,-0.2428424060344696,0.6671575903892517,0.5871576070785522,-0.1828424036502838,-0.25284239649772644,1.5171575546264648,-0.13284240663051605,0.17715759575366974,0.4171575903892517,0.42715758085250854,0.11715759336948395
-1.34284245967865,-0.8628423810005188,-0.012842407450079918,0.3471575975418091,-0.10284240543842316,-0.8928424119949341,-1.1028424501419067,0.7471575736999512,2.817157506942749,2.2971575260162354,2.5471575260162354,2.2771575450897217,2.7871575355529785,3.2371575832366943,1.9871575832366943,3.147157669067383,-0.10284240543842316,-1.7228424549102783,-0.8228424191474915,2.18715763092041,0.647157609462738,-0.17284241318702698,2.0871574878692627,1.9771575927734375,0.8171575665473938,0.42715758085250854,0.26715758442878723,-0.5928424000740051,-0.8728424310684204,-0.8928424119949341,0.43715760111808777,1.7071576118469238,0.647157609462738,0.8571575880050659,0.8771575689315796,-0.32284241914749146,-0.09284240752458572,1.6271575689315796,-0.31284239888191223,-0.03284240886569023,0.5971575975418091,0.2571575939655304,0.5771576166152954
-2.4028425216674805,-0.6728423833847046,-0.372842401266098,0.21715758740901947,-0.07284240424633026,-0.8128424286842346,-1.1828423738479614,-0.08284240961074829,3.2771575450897217,1.9571576118469238,1.9271576404571533,1.6671576499938965,3.0471575260162354,4.2971577644348145,3.197157621383667,2.057157516479492,-0.8928424119949341,-0.9728423953056335,-0.07284240424633026,1.65715754032135,1.15715754032135,-0.692842423915863,1.9271576404571533,2.6071577072143555,1.3171576261520386,0.6271575689315796,0.5871576070785522,-0.4028424024581909,-0.12284240871667862,-0.6628423929214478,1.0671576261520386,1.3271576166152954,1.4871575832366943,1.0271575450897217,1.1471575498580933,0.4071575999259949,1.0871576070785522,0.24715758860111237,-0.13284240663051605,0.4471575915813446,0.4771575927734375,0.09715759009122849,0.697157621383667
-2.352842330932617,-0.9528424143791199,-0.25284239649772644,0.08715759217739105,-0.44284239411354065,-0.9328424334526062,-1.0728423595428467,1.4771575927734375,2.997157573699951,1.7371575832366943,2.8371574878692627,1.2771575450897217,2.957157611846924,3.1771576404571533,2.877157688140869,2.397157669067383,-0.2128424048423767,-0.6428424119949341,-1.3728424310684204,0.23715759813785553,0.1371575891971588,-1.2728424072265625,1.40715754032135,2.9171576499938965,3.6171576976776123,0.6671575903892517,0.2271575927734375,-0.3628424108028412,-0.38284242153167725,-0.3928424119949341,1.3671575784683228,0.757157564163208,1.1671576499938965,0.807157576084137,1.3771575689315796,0.5971575975418091,1.297157645225525,-0.4028424024581909,-0.16284240782260895,0.4171575903892517,0.5171576142311096,0.6771575808525085,0.33715760707855225
-1.3828424215316772,-1.1728423833847046,-0.47284239530563354,0.24715758860111237,-0.852842390537262,-1.1028424501419067,-0.09284240752458572,2.817157506942749,2.267157554626465,0.6671575903892517,3.457157611846924,4.867157459259033,2.887157678604126,2.2371575832366943,1.757157564163208,1.8271576166152954,-0.692842423915863,-1.2828423976898193,-1.492842435836792,-0.2728424072265625,0.10715759545564651,-0.5128424167633057,1.2771575450897217,1.007157564163208,0.7971575856208801,-0.32284241914749146,-0.3328424096107483,0.23715759813785553,0.4471575915813446,0.647157609462738,1.2271575927734375,0.21715758740901947,0.5471575856208801,0.7871575951576233,1.2071576118469238,0.8671575784683228,-0.13284240663051605,-0.13284240663051605,0.17715759575366974,0.6771575808525085,0.897157609462738,-0.22284241020679474,-0.10284240543842316
-1.59284245967865,-1.2228424549102783,-0.602842390537262,0.05715759098529816,-1.0628423690795898,-1.09284245967865,0.7271575927734375,3.4171576499938965,1.7371575832366943,0.5771576166152954,2.697157621383667,3.4271576404571533,0.09715759009122849,0.3171575963497162,1.507157564163208,1.4371576309204102,-0.0228424072265625,-0.602842390537262,0.5371575951576233,0.5671575665473938,0.6571575999259949,0.08715759217739105,-0.12284240871667862,0.807157576084137,-0.2428424060344696,-0.552842378616333,0.03715759143233299,0.4771575927734375,0.4171575903892517,0.06715759634971619,1.8171576261520386,0.02715759351849556,0.45715758204460144,1.3271576166152954,1.6671576499938965,1.0871576070785522,-0.35284242033958435,-0.11284241080284119,0.1371575891971588,0.9071575999259949,0.4171575903892517,-0.06284240633249283,0.5871576070785522
-1.4628424644470215,-1.2828423976898193,-0.8828424215316772,-0.7728424072265625,-1.0328423976898193,-0.852842390537262,0.8571575880050659,3.1771576404571533,1.4871575832366943,0.507157564163208,2.067157506942749,1.2771575450897217,-0.9528424143791199,-0.9228423833847046,1.5571576356887817,2.2371575832366943,0.15715759992599487,-0.552842378616333,0.23715759813785553,0.6571575999259949,1.0271575450897217,-0.012842407450079918,-0.31284239888191223,0.3471575975418091,-0.31284239888191223,-0.15284240245819092,0.647157609462738,0.05715759098529816,0.7071576118469238,-0.16284240782260895,1.7171576023101807,1.8871575593948364,0.9771575927734375,1.107157588005066,1.4971575736999512,0.757157564163208,-0.22284241020679474,-0.4528424143791199,0.8171575665473938,0.48715758323669434,0.507157564163208,0.7271575927734375,0.4771575927734375
-0.6528424024581909,-1.5028424263000488,-1.0028424263000488,-1.152842402458191,-1.0428423881530762,-0.9628424048423767,0.9671576023101807,2.627157688140869,1.9571576118469238,0.3171575963497162,1.3271576166152954,1.2871575355529785,0.7471575736999512,0.327157586812973,0.6371576189994812,-0.47284239530563354,-1.402842402458191,-1.1728423833847046,-0.742842435836792,0.8371576070785522,1.3071576356887817,0.6771575808525085,-0.3928424119949341,-0.20284241437911987,-0.38284242153167725,0.8671575784683228,1.007157564163208,-0.38284242153167725,0.9571576118469238,0.647157609462738,1.0171575546264648,1.1671576499938965,0.7071576118469238,1.6271575689315796,0.807157576084137,0.5871576070785522,-0.10284240543842316,0.14715759456157684,0.6771575808525085,0.30715760588645935,0.8271576166152954,0.2971575856208801,-0.28284239768981934
-0.44284239411354065,-1.652842402458191,-1.1628423929214478,-1.3228423595428467,-0.9228423833847046,-0.8828424215316772,0.757157564163208,2.497157573699951,2.1671576499938965,1.0871576070785522,1.2371575832366943,0.7671576142311096,-0.5828424096107483,-1.0328423976898193,-1.2928423881530762,-0.3428424000740051,-0.552842378616333,-1.2528424263000488,-0.22284241020679474,0.557157576084137,0.5171576142311096,1.5271575450897217,-0.6228424310684204,-0.422842413187027,-0.4628424048423767,0.2571575939655304,0.8271576166152954,-0.012842407450079918,0.9171575903892517,0.12715759873390198,0.6271575689315796,1.4871575832366943,1.8971575498580933,1.8671575784683228,0.33715760707855225,0.36715757846832275,0.42715758085250854,0.757157564163208,0.9571576118469238,0.5271576046943665,0.36715757846832275,-0.4328424036502838,-0.3928424119949341
-0.5328423976898193,-0.9328424334526062,-1.142842411994934,-1.1128424406051636,-0.5928424000740051,-0.5428423881530762,0.557157576084137,2.0371575355529785,2.1171576976776123,0.9271575808525085,1.1671576499938965,0.807157576084137,0.3871575891971588,-0.19284240901470184,-1.152842402458191,-0.802842378616333,-0.2428424060344696,0.6871575713157654,0.8871576189994812,-0.19284240901470184,-0.7228423953056335,1.8171576261520386,-0.07284240424633026,-0.06284240633249283,-0.4928424060344696,1.297157645225525,0.7971575856208801,-0.0228424072265625,-0.6328424215316772,-0.6328424215316772,0.2871575951576233,1.5371575355529785,2.2371575832366943,1.1171575784683228,0.4471575915813446,-0.13284240663051605,0.377157598733902,1.3171576261520386,0.6171575784683228,0.11715759336948395,-0.8928424119949341,-0.15284240245819092,0.9371575713157654
