data/time_step_0_small.json
{"header": { "parameterCategory": 2, "parameterCategoryName": "Momentum", "parameterNumber": 3, "parameterNumberName": "V-component_of_wind", "parameterUnit": "m.s-1", "nx": 145, "ny": 141, "basicAngle": 0, "lo1": 92.0, "la1": -10.0, "lo2": 128.0, "la2": 25.0, "dx": 0.25, "dy": 0.25 }, "data":
[rows 114 to 132 of 141, columns 86 to 128 of 145]
5.902382850646973,5.492383003234863,4.882382869720459,4.452383041381836,3.882382869720459,3.1723828315734863,2.742382764816284,2.6023828983306885,2.432382822036743,2.062382698059082,1.532382845878601,0.9823828339576721,0.3423828184604645,-0.29761719703674316,-0.9576171636581421,-1.617617130279541,-2.1476171016693115,-2.5376172065734863,-2.9576172828674316,-3.427617073059082,-3.8876171112060547,-4.237617015838623,-4.507616996765137,-4.687617301940918,-4.707617282867432,-4.797616958618164,-4.577617168426514,-4.877617359161377,-3.367617130279541,-0.15761718153953552,1.5723828077316284,1.2323827743530273,3.8423829078674316,4.122382640838623,2.992382764816284,5.252382755279541,7.952383041381836,6.892382621765137,6.402382850646973,5.952383041381836,5.402382850646973,5.252382755279541,5.082382678985596
5.91238260269165,5.782382965087891,5.302382946014404,4.862382888793945,4.332382678985596,3.6523828506469727,3.0323827266693115,2.4023828506469727,2.132382869720459,1.9423828125,1.6623828411102295,1.282382845878601,0.8523828387260437,0.4423828125,-0.027617188170552254,-0.607617199420929,-1.2276171445846558,-1.7776172161102295,-2.2776172161102295,-2.7776172161102295,-3.2676172256469727,-3.667617082595825,-3.937617301940918,-4.037617206573486,-3.9676172733306885,-4.08761739730835,-3.7676172256469727,-3.5376172065734863,-3.0376172065734863,-2.2276172637939453,-0.8776171803474426,0.3123828172683716,3.132382869720459,6.782382965087891,5.332382678985596,8.292383193969727,7.922382831573486,6.9423828125,6.392382621765137,5.862382888793945,5.582382678985596,5.022382736206055,4.66238260269165
5.782382965087891,5.812382698059082,5.6923828125,5.302382946014404,4.822382926940918,4.182382583618164,3.562382698059082,2.832382917404175,2.242382764816284,1.8923828601837158,1.7123827934265137,1.502382755279541,1.1123827695846558,0.7223827838897705,0.3423828184604645,-0.0576171875,-0.5576171875,-1.157617211341858,-1.6876171827316284,-2.117617130279541,-2.547617197036743,-2.997617244720459,-3.417617082595825,-3.5576171875,-3.297617197036743,-3.257617235183716,-3.0276172161102295,-2.667617082595825,-2.5976171493530273,-2.5576171875,-2.2276172637939453,0.49238282442092896,3.6723828315734863,5.822382926940918,7.532382965087891,8.082383155822754,7.372382640838623,6.802382946014404,6.272382736206055,5.862382888793945,5.642382621765137,5.072382926940918,4.642382621765137
6.012382984161377,5.742383003234863,5.682382583618164,5.402382850646973,4.9423828125,4.562382698059082,4.102382659912109,3.5223827362060547,2.872382879257202,2.312382698059082,1.9523828029632568,1.7423827648162842,1.4623827934265137,1.092382788658142,0.6723828315734863,0.21238280832767487,-0.2476171851158142,-0.7476171851158142,-1.2776172161102295,-1.6876171827316284,-1.957617163658142,-2.197617292404175,-2.5776171684265137,-2.947617292404175,-2.8276171684265137,-2.7076172828674316,-2.5176172256469727,-1.9176172018051147,-1.8176171779632568,-1.4176172018051147,-1.0176172256469727,0.3223828077316284,2.812382698059082,5.252382755279541,6.592382907867432,6.862382888793945,6.66238260269165,6.512382984161377,6.062382698059082,5.882382869720459,5.402382850646973,5.312382698059082,5.002382755279541
6.212382793426514,5.9423828125,5.762382984161377,5.522382736206055,5.132382869720459,4.882382869720459,4.512382984161377,3.952382802963257,3.4123828411102295,2.882382869720459,2.312382698059082,1.9223828315734863,1.6823828220367432,1.4523828029632568,1.1823828220367432,0.6623828411102295,0.08238281309604645,-0.4576171934604645,-0.9576171636581421,-1.457617163658142,-1.7776172161102295,-1.7976171970367432,-1.7376171350479126,-2.0276172161102295,-2.2076172828674316,-2.1476171016693115,-2.127617120742798,-1.6376172304153442,-0.9576171636581421,-0.4976171851158142,0.48238280415534973,1.6923828125,3.2123827934265137,4.6923828125,5.582382678985596,5.91238260269165,6.032382965087891,5.922382831573486,5.682382583618164,5.6923828125,5.102382659912109,5.202383041381836,5.092382907867432
6.312382698059082,5.902382850646973,5.752382755279541,5.562382698059082,5.282382965087891,5.032382965087891,4.772382736206055,4.302382946014404,3.812382698059082,3.312382698059082,2.682382822036743,1.9723827838897705,1.5123828649520874,1.292382836341858,1.2323827743530273,1.032382845878601,0.5523828268051147,-0.027617188170552254,-0.5976172089576721,-1.1276172399520874,-1.5976171493530273,-1.7676172256469727,-1.5976171493530273,-1.3876172304153442,-1.3076171875,-1.147617220878601,-1.247617244720459,-1.1276172399520874,-0.5276172161102295,-0.01761718839406967,0.6923828125,1.9123828411102295,3.132382869720459,4.202383041381836,4.922382831573486,5.232382774353027,5.342382907867432,5.342382907867432,5.462382793426514,5.522382736206055,4.97238302230835,5.032382965087891,5.072382926940918
6.182382583618164,5.672382831573486,5.282382965087891,5.152382850646973,4.932382583618164,4.762382984161377,4.592382907867432,4.4423828125,4.072382926940918,3.562382698059082,2.9823827743530273,2.2323827743530273,1.592382788658142,1.0723828077316284,0.9423828125,0.9723827838897705,0.8223828077316284,0.46238282322883606,-0.04761718586087227,-0.6176171898841858,-1.1076171398162842,-1.4176172018051147,-1.457617163658142,-1.2376171350479126,-0.8176171779632568,-0.4576171934604645,-0.4076171815395355,0.062382813543081284,-0.027617188170552254,0.5923827886581421,1.0623828172683716,1.6923828125,2.622382879257202,3.452382802963257,4.212382793426514,4.66238260269165,4.872382640838623,4.922382831573486,5.082382678985596,5.082382678985596,4.632382869720459,4.342382907867432,4.702383041381836
6.512382984161377,5.882382869720459,5.242383003234863,4.932382583618164,4.6923828125,4.452383041381836,4.212382793426514,4.232382774353027,4.002382755279541,3.572382926940918,3.2123827934265137,2.802382707595825,2.312382698059082,1.6223827600479126,1.132382869720459,0.9723827838897705,0.8823828101158142,0.7023828029632568,0.45238280296325684,0.062382813543081284,-0.41761720180511475,-0.7976171970367432,-0.9876171946525574,-0.9776172041893005,-0.6976171731948853,-0.26761719584465027,0.04238281399011612,0.8323827981948853,1.0523828268051147,0.9123828411102295,1.5123828649520874,2.072382926940918,2.392382860183716,2.7723827362060547,3.392382860183716,3.9623827934265137,4.352382659912109,4.462382793426514,4.47238302230835,4.302382946014404,4.212382793426514,4.032382965087891,3.9823827743530273
6.502382755279541,6.16238260269165,5.652382850646973,5.202383041381836,4.862382888793945,4.522382736206055,4.182382583618164,4.112382888793945,3.952382802963257,3.632382869720459,3.3423829078674316,3.062382698059082,2.7823827266693115,2.432382822036743,1.8723827600479126,1.3323827981948853,0.9623827934265137,0.7223827838897705,0.5423828363418579,0.45238280296325684,0.2623828053474426,-0.0876171886920929,-0.3976171910762787,-0.5676171779632568,-0.5676171779632568,-0.4376171827316284,-0.23761719465255737,0.23238281905651093,1.382382869720459,1.752382755279541,1.5623828172683716,1.9823827743530273,2.502382755279541,2.802382707595825,3.302382707595825,3.332382917404175,3.6023828983306885,3.882382869720459,4.052382946014404,4.032382965087891,3.9423828125,3.952382802963257,3.7223827838897705
5.842382907867432,5.922382831573486,5.842382907867432,5.512382984161377,5.092382907867432,4.702383041381836,4.282382965087891,4.002382755279541,3.822382926940918,3.6123828887939453,3.4723827838897705,3.242382764816284,2.9423828125,2.7123827934265137,2.4023828506469727,1.842382788658142,1.2623828649520874,0.8123828172683716,0.4723828136920929,0.3523828089237213,0.42238280177116394,0.36238279938697815,0.12238281220197678,-0.19761718809604645,-0.4376171827316284,-0.6276171803474426,-0.6976171731948853,-0.8476172089576721,-0.22761718928813934,1.2023828029632568,1.8623827695846558,2.1023828983306885,1.8323827981948853,2.122382879257202,3.512382745742798,4.122382640838623,3.992382764816284,3.9023828506469727,3.872382879257202,3.892382860183716,3.802382707595825,3.7223827838897705,3.5923829078674316
4.982382774353027,5.322382926940918,5.552382946014404,5.552382946014404,5.342382907867432,4.922382831573486,4.612382888793945,4.16238260269165,3.762382745742798,3.4623827934265137,3.3423829078674316,3.3423829078674316,3.072382926940918,2.7923827171325684,2.512382745742798,2.122382879257202,1.592382788658142,1.0623828172683716,0.6023828387260437,0.24238280951976776,0.15238280594348907,0.24238280951976776,0.20238281786441803,-0.0876171886920929,-0.41761720180511475,-0.5876171588897705,-0.6276171803474426,-0.7676171660423279,-1.1076171398162842,-0.6376171708106995,0.5023828148841858,1.6523828506469727,2.812382698059082,3.122382879257202,3.1123828887939453,3.992382764816284,4.732382774353027,4.9423828125,4.802382946014404,3.9123828411102295,3.8423829078674316,3.9023828506469727,3.7723827362060547
4.632382869720459,5.202383041381836,5.432382583618164,5.572382926940918,5.47238302230835,5.262382984161377,4.952383041381836,4.632382869720459,4.182382583618164,3.6723828315734863,3.2923827171325684,3.202382802963257,3.142382860183716,2.9423828125,2.6023828983306885,2.2223827838897705,1.792382836341858,1.3723827600479126,1.0123828649520874,0.7123827934265137,0.40238282084465027,0.15238280594348907,0.012382812798023224,-0.18761718273162842,-0.4076171815395355,-0.4376171827316284,-0.31761717796325684,-0.31761717796325684,-0.5376172065734863,-0.6976171731948853,-0.6476171612739563,-0.04761718586087227,0.9823828339576721,3.0323827266693115,3.9823827743530273,4.012382984161377,4.522382736206055,4.882382869720459,4.742383003234863,3.9423828125,4.732382774353027,4.602382659912109,4.142382621765137
4.702383041381836,5.012382984161377,5.22238302230835,5.532382965087891,5.41238260269165,5.22238302230835,5.032382965087891,4.6923828125,4.372382640838623,4.062382698059082,3.752382755279541,3.432382822036743,3.1723828315734863,2.882382869720459,2.572382926940918,2.302382707595825,2.072382926940918,1.792382836341858,1.5523828268051147,1.3723827600479126,1.0223828554153442,0.5323827862739563,0.11238281428813934,-0.10761718451976776,-0.20761719346046448,-0.26761719584465027,-0.38761720061302185,-0.6176171898841858,-0.8676171898841858,-0.9176172018051147,-0.607617199420929,0.2523828148841858,1.0523828268051147,1.7723828554153442,3.2223827838897705,4.612382888793945,4.762382984161377,5.032382965087891,5.262382984161377,5.232382774353027,5.432382583618164,5.262382984161377,5.052382946014404
5.592382907867432,5.1923828125,4.97238302230835,5.002382755279541,4.91238260269165,4.742383003234863,4.612382888793945,4.342382907867432,4.142382621765137,4.022382736206055,3.9423828125,3.8523828983306885,3.622382879257202,3.302382707595825,2.892382860183716,2.632382869720459,2.4823827743530273,2.392382860183716,2.1723828315734863,1.8323827981948853,1.4323828220367432,0.9723827838897705,0.48238280415534973,0.14238281548023224,-0.07761719077825546,-0.3676171898841858,-0.7176172137260437,-0.9776172041893005,-1.2776172161102295,-1.8876172304153442,-1.8176171779632568,-0.8876171708106995,1.132382869720459,3.132382869720459,3.5223827362060547,3.832382917404175,4.91238260269165,5.002382755279541,5.142382621765137,5.072382926940918,4.932382583618164,4.712382793426514,4.992383003234863
5.832382678985596,5.72238302230835,5.332382678985596,5.012382984161377,4.72238302230835,4.532382965087891,4.512382984161377,4.402382850646973,4.16238260269165,3.9623827934265137,3.812382698059082,3.7223827838897705,3.812382698059082,3.882382869720459,3.5323827266693115,3.132382869720459,2.9423828125,2.8623828887939453,2.632382869720459,2.2323827743530273,1.7123827934265137,1.252382755279541,0.9123828411102295,0.6023828387260437,0.20238281786441803,-0.3076171875,-0.7176172137260437,-1.0976171493530273,-1.5576171875,-1.407617211341858,-3.8376171588897705,-4.357617378234863,-3.3476171493530273,2.2723827362060547,5.772382736206055,3.892382860183716,3.202382802963257,4.052382946014404,4.592382907867432,4.9423828125,4.91238260269165,4.182382583618164,4.092382907867432
4.822382926940918,5.922382831573486,5.342382907867432,4.182382583618164,4.752382755279541,4.612382888793945,4.352382659912109,4.262382984161377,4.182382583618164,4.112382888793945,3.9623827934265137,3.762382745742798,3.762382745742798,4.022382736206055,3.9823827743530273,3.7223827838897705,3.322382926940918,2.7923827171325684,2.3623828887939453,2.062382698059082,1.7023828029632568,1.4423828125,1.1823828220367432,1.002382755279541,0.742382824420929,0.3123828172683716,-0.11761718988418579,-0.5176171660423279,-0.6276171803474426,-0.6376171708106995,-3.927617073059082,-4.5576171875,-3.757617235183716,0.12238281220197678,4.502382755279541,4.072382926940918,2.5223827362060547,2.582382917404175,3.432382822036743,4.682382583618164,5.082382678985596,4.812382698059082,4.16238260269165
4.282382965087891,5.792382717132568,3.8423829078674316,1.4423828125,3.1123828887939453,4.492383003234863,4.432382583618164,4.432382583618164,4.182382583618164,4.052382946014404,4.082382678985596,4.172382831573486,4.112382888793945,4.1923828125,4.482382774353027,4.592382907867432,4.052382946014404,3.2723827362060547,2.752382755279541,2.372382879257202,2.002382755279541,1.752382755279541,1.4923827648162842,1.1723828315734863,0.9623827934265137,0.9423828125,0.7823827862739563,0.3823828101158142,0.6623828411102295,-0.25761717557907104,-2.377617120742798,-3.877617120742798,-3.107617139816284,-0.607617199420929,2.4423828125,3.582382917404175,2.7323827743530273,2.182382822036743,2.4823827743530273,4.492383003234863,5.47238302230835,5.452383041381836,5.082382678985596
5.112382888793945,4.882382869720459,3.3423829078674316,1.632382869720459,1.8123828172683716,1.9623827934265137,1.3923828601837158,2.682382822036743,2.9023828506469727,3.332382917404175,3.562382698059082,3.8523828983306885,4.172382831573486,4.622382640838623,5.092382907867432,4.862382888793945,4.282382965087891,3.872382879257202,3.5323827266693115,3.1523828506469727,2.752382755279541,2.3523828983306885,1.9923827648162842,1.6123827695846558,1.352382779121399,1.4223828315734863,1.4623827934265137,1.1523828506469727,0.4723828136920929,-0.17761719226837158,-0.9676172137260437,-2.4576172828674316,-3.5976171493530273,-2.117617130279541,0.05238281190395355,1.8923828601837158,2.052382707595825,2.322382926940918,2.622382879257202,4.502382755279541,5.632382869720459,6.122382640838623,5.952383041381836
4.902382850646973,3.932382822036743,3.332382917404175,1.0723828077316284,2.2723827362060547,1.8323827981948853,1.3623827695846558,1.352382779121399,1.4923827648162842,1.602382779121399,1.3123828172683716,1.602382779121399,2.582382917404175,4.552382946014404,4.792382717132568,4.4423828125,4.182382583618164,3.9123828411102295,3.6523828506469727,3.4723827838897705,3.2923827171325684,2.9423828125,2.5223827362060547,2.252382755279541,2.1023828983306885,1.9223828315734863,1.8223828077316284,1.4923827648162842,0.3723828196525574,-0.25761717557907104,-0.7276172041893005,-1.0076172351837158,-3.567617177963257,-3.8276171684265137,-1.9776171445846558,0.11238281428813934,3.4823827743530273,3.802382707595825,3.6023828983306885,5.392382621765137,6.362382888793945,6.842382907867432,6.322382926940918
