data/time_step_0_small.json
{"header": { "parameterCategory": 2, "parameterCategoryName": "Momentum", "parameterNumber": 2, "parameterNumberName": "U-component_of_wind", "parameterUnit": "m.s-1", "nx": 145, "ny": 141, "basicAngle": 0, "lo1": 92.0, "la1": -10.0, "lo2": 128.0, "la2": 25.0, "dx": 0.25, "dy": 0.25 }, "data":
[rows 57 to 75 of 141, columns 0 to 42 of 145]
-1.4628424644470215,-1.0428423881530762,-0.9528424143791199,-1.0728423595428467,-0.942842423915863,-1.3328423500061035,-1.7928423881530762,-1.8628424406051636,-1.5328423976898193,-1.4728424549102783,-1.6028424501419067,-1.8728424310684204,-2.232842445373535,-3.0228424072265625,-3.862842321395874,-2.992842435836792,-1.1728423833847046,-0.552842378616333,-1.2228424549102783,-0.8928424119949341,0.9571576118469238,0.3171575963497162,1.257157564163208,1.0271575450897217,1.1871576309204102,2.3671576976776123,4.257157802581787,3.897157669067383,3.957157611846924,3.68715763092041,3.0871574878692627,2.947157621383667,2.6571576595306396,2.4071576595306396,1.9971575736999512,-0.3328424096107483,0.09715759009122849,-1.2328424453735352,0.06715759634971619,0.5371575951576233,0.5171576142311096,0.047157593071460724,-0.48284241557121277
-1.84284245967865,-1.5428423881530762,-1.4828424453735352,-1.3828424215316772,-1.2528424263000488,-1.7128424644470215,-1.992842435836792,-2.102842330932617,-2.0828423500061035,-2.002842426300049,-1.7128424644470215,-1.4128423929214478,-1.5728423595428467,-3.2628424167633057,-3.872842311859131,-1.2528424263000488,-0.31284239888191223,-0.4328424036502838,-1.452842354774475,-0.7528424263000488,1.2771575450897217,1.1671576499938965,1.2171576023101807,0.9571576118469238,1.3271576166152954,3.7771575450897217,4.487157821655273,3.5471575260162354,4.1571574211120605,3.7371575832366943,2.9171576499938965,3.1171576976776123,2.7771575450897217,2.517157554626465,1.257157564163208,-0.06284240633249283,-0.28284239768981934,-1.5628423690795898,0.5171576142311096,0.49715760350227356,0.1671575903892517,0.05715759098529816,-0.19284240901470184
-2.242842435836792,-2.2028424739837646,-2.002842426300049,-1.8128423690795898,-1.6728423833847046,-2.172842502593994,-2.122842311859131,-2.1328423023223877,-2.182842493057251,-2.112842321395874,-2.122842311859131,-0.942842423915863,-0.6228424310684204,-2.862842321395874,-1.6328424215316772,-0.6528424024581909,-0.6328424215316772,-0.422842413187027,-0.602842390537262,-0.03284240886569023,1.107157588005066,1.197157621383667,1.0571576356887817,0.807157576084137,2.257157564163208,4.507157802581787,3.3371574878692627,3.317157506942749,3.637157678604126,3.68715763092041,3.2171576023101807,3.0971574783325195,2.887157678604126,2.207157611846924,0.1371575891971588,0.09715759009122849,-0.28284239768981934,-1.3828424215316772,0.8471575975418091,0.43715760111808777,-0.3428424000740051,-0.2128424048423767,-0.35284242033958435
-2.6528425216674805,-2.742842435836792,-2.622842311859131,-2.5328423976898193,-2.2028424739837646,-2.3428423404693604,-2.3928422927856445,-2.242842435836792,-2.3328423500061035,-2.492842435836792,-2.7128424644470215,-2.2128424644470215,-2.6628425121307373,-3.172842502593994,-1.1328424215316772,-0.31284239888191223,0.01715759187936783,0.03715759143233299,0.5271576046943665,0.39715757966041565,0.8471575975418091,0.9271575808525085,1.107157588005066,1.90715754032135,3.757157564163208,3.957157611846924,2.4771575927734375,2.317157506942749,2.807157516479492,3.327157497406006,3.247157573699951,2.8371574878692627,2.2171576023101807,1.3271576166152954,-0.31284239888191223,-0.31284239888191223,-0.08284240961074829,-0.992842435836792,0.5271576046943665,0.46715760231018066,-0.5328423976898193,-0.07284240424633026,-0.5828424096107483
-2.7828423976898193,-3.052842378616333,-3.0928423404693604,-3.0328423976898193,-2.7628424167633057,-2.6628425121307373,-2.682842493057251,-2.552842378616333,-2.6528425216674805,-2.7028424739837646,-2.732842445373535,-3.492842435836792,-2.8328423500061035,-1.402842402458191,-0.4328424036502838,0.08715759217739105,0.9971575736999512,0.9771575927734375,0.947157621383667,1.0771576166152954,1.7371575832366943,2.397157669067383,2.327157497406006,2.9171576499938965,3.6671576499938965,3.057157516479492,2.067157506942749,2.077157497406006,2.8371574878692627,3.2971575260162354,2.6671576499938965,2.0471575260162354,1.7471575736999512,1.3771575689315796,-0.3628424108028412,-0.692842423915863,0.557157576084137,-0.3928424119949341,-0.14284241199493408,0.11715759336948395,-0.042842406779527664,-0.10284240543842316,-0.7628424167633057
-2.622842311859131,-2.8828423023223877,-3.1628425121307373,-3.2628424167633057,-3.1628425121307373,-2.992842435836792,-2.922842502593994,-2.922842502593994,-2.982842445373535,-2.9028425216674805,-2.7828423976898193,-3.482842445373535,-4.072842597961426,-2.302842378616333,-0.7128424048423767,0.42715758085250854,1.1671576499938965,0.7971575856208801,0.9671576023101807,1.7171576023101807,2.7271575927734375,3.3471574783325195,2.8571577072143555,2.6671576499938965,2.697157621383667,2.377157688140869,1.5271575450897217,1.847157597541809,2.267157554626465,1.5671576261520386,0.20715759694576263,-0.20284241437911987,1.3371576070785522,1.6171575784683228,0.2971575856208801,-0.06284240633249283,0.5471575856208801,-0.32284241914749146,-1.142842411994934,0.2271575927734375,0.6171575784683228,-0.10284240543842316,-0.6628423929214478
-2.492842435836792,-2.6328423023223877,-2.9628424644470215,-3.1628425121307373,-3.3328423500061035,-3.0728423595428467,-3.0828423500061035,-3.0828423500061035,-3.0128424167633057,-3.0128424167633057,-2.942842483520508,-2.8928422927856445,-3.182842493057251,-3.042842388153076,-1.7628424167633057,-1.0828423500061035,-0.5128424167633057,0.1671575903892517,0.8771575689315796,1.6171575784683228,2.3571577072143555,2.6571576595306396,2.207157611846924,1.9171576499938965,2.0371575355529785,2.007157564163208,1.9571576118469238,2.067157506942749,1.4271576404571533,0.4771575927734375,-0.942842423915863,-3.112842321395874,-1.34284245967865,-0.41284239292144775,-0.0228424072265625,-0.372842401266098,-0.5728424191474915,-0.44284239411354065,-1.0628423690795898,0.36715757846832275,0.377157598733902,0.07715759426355362,-0.12284240871667862
-2.612842321395874,-2.732842445373535,-2.8228423595428467,-2.4628424644470215,-2.6628425121307373,-3.0228424072265625,-2.9628424644470215,-3.102842330932617,-2.922842502593994,-2.8328423500061035,-2.752842426300049,-2.602842330932617,-2.4028425216674805,-1.9828424453735352,-1.4828424453735352,-0.942842423915863,-0.1828424036502838,0.6171575784683228,1.2271575927734375,1.4771575927734375,1.6271575689315796,1.607157588005066,1.4271576404571533,1.2471575736999512,1.3671575784683228,1.7071576118469238,1.8671575784683228,2.0371575355529785,1.5171575546264648,0.5271576046943665,-0.06284240633249283,-2.192842483520508,-3.7728424072265625,-2.5228424072265625,-1.302842378616333,-0.3428424000740051,-0.6128423810005188,-0.8328424096107483,-0.6728423833847046,0.18715758621692657,0.20715759694576263,0.3871575891971588,-2.1428422927856445
-2.692842483520508,-2.792842388153076,-2.9028425216674805,-2.242842435836792,-1.5628423690795898,-2.8428423404693604,-2.8228423595428467,-2.862842321395874,-2.6428422927856445,-2.5328423976898193,-2.432842493057251,-2.302842378616333,-2.0128424167633057,-1.3828424215316772,-0.7928423881530762,-0.22284241020679474,0.6271575689315796,1.2871575355529785,1.40715754032135,1.2371575832366943,1.1271575689315796,0.9971575736999512,0.9171575903892517,0.7171576023101807,0.7271575927734375,0.7171576023101807,0.6771575808525085,0.7771576046943665,0.9271575808525085,0.7771576046943665,0.2871575951576233,-0.2428424060344696,-3.672842502593994,-1.952842354774475,-0.5428423881530762,-0.742842435836792,-0.7628424167633057,-0.6628423929214478,-0.5828424096107483,0.03715759143233299,-0.41284239292144775,-1.9628424644470215,-3.3228423595428467
-2.7228424549102783,-2.8328423500061035,-3.1428422927856445,-3.4028425216674805,-2.7728424072265625,-3.0328423976898193,-3.0128424167633057,-2.5128424167633057,-2.3328423500061035,-2.1428422927856445,-2.102842330932617,-1.9728424549102783,-1.652842402458191,-0.9328424334526062,-0.16284240782260895,0.6071575880050659,1.3971575498580933,1.5271575450897217,1.1871576309204102,1.007157564163208,0.7871575951576233,0.43715760111808777,0.4471575915813446,0.43715760111808777,0.42715758085250854,0.14715759456157684,0.10715759545564651,-0.07284240424633026,-0.41284239292144775,-0.6628423929214478,-2.6328423023223877,-2.482842445373535,-1.9128423929214478,-0.802842378616333,-1.1128424406051636,-0.3928424119949341,-0.3428424000740051,-0.802842378616333,-0.5228424072265625,-1.6328424215316772,-2.732842445373535,-3.0128424167633057,-2.8328423500061035
-2.5828423500061035,-2.732842445373535,-2.932842493057251,-3.302842378616333,-3.992842435836792,-2.372842311859131,-1.8228423595428467,-1.302842378616333,-2.0128424167633057,-1.8328423500061035,-1.802842378616333,-1.7128424644470215,-1.392842411994934,-0.7328423857688904,0.1371575891971588,1.1171575784683228,1.607157588005066,1.047157645225525,0.7671576142311096,0.7771576046943665,0.48715758323669434,0.18715758621692657,0.43715760111808777,0.697157621383667,0.5971575975418091,0.39715757966041565,0.23715759813785553,-0.10284240543842316,-0.3328424096107483,-1.7928423881530762,-4.292842388153076,-2.852842330932617,-1.0228424072265625,-0.4328424036502838,-0.48284241557121277,-0.5228424072265625,-1.6228424310684204,-1.1628423929214478,-0.9028424024581909,-3.0828423500061035,-2.752842426300049,-2.8228423595428467,-2.692842483520508
-2.1528425216674805,-2.302842378616333,-2.5328423976898193,-2.732842445373535,-2.862842321395874,-2.7128424644470215,-2.172842502593994,-0.8828424215316772,-1.392842411994934,-1.4228423833847046,-1.452842354774475,-1.3728424310684204,-1.0728423595428467,-0.552842378616333,0.327157586812973,1.347157597541809,1.547157645225525,0.5671575665473938,0.327157586812973,0.4471575915813446,0.36715757846832275,0.23715759813785553,0.507157564163208,0.9371575713157654,1.097157597541809,1.2771575450897217,1.2071576118469238,0.43715760111808777,-0.4628424048423767,-2.242842435836792,-2.5728423595428467,-2.3328423500061035,-1.0128424167633057,-0.052842408418655396,-0.17284241318702698,-2.992842435836792,-4.912842273712158,-4.372842311859131,-3.6428422927856445,-2.9528424739837646,-2.7028424739837646,-2.732842445373535,-2.5228424072265625
-1.8528424501419067,-2.0128424167633057,-2.2128424644470215,-2.3828423023223877,-2.3828423023223877,-2.232842445373535,-2.102842330932617,-1.7628424167633057,-1.2528424263000488,-1.0428423881530762,-1.0028424263000488,-0.9328424334526062,-0.692842423915863,-0.29284241795539856,0.3871575891971588,1.297157645225525,1.4171576499938965,0.48715758323669434,0.17715759575366974,0.21715758740901947,0.2971575856208801,0.377157598733902,0.33715760707855225,0.7271575927734375,1.1671576499938965,1.5371575355529785,1.2171576023101807,0.5171576142311096,-2.362842321395874,-3.682842493057251,-2.292842388153076,-1.7728424072265625,-0.41284239292144775,0.8671575784683228,-2.622842311859131,-3.992842435836792,-4.2028422355651855,-3.922842502593994,-3.2228424549102783,-2.682842493057251,-2.432842493057251,-2.7228424549102783,-2.732842445373535
-1.742842435836792,-1.84284245967865,-1.902842402458191,-1.9128423929214478,-1.892842411994934,-1.8328423500061035,-1.6828423738479614,-1.6028424501419067,-1.2828423976898193,-0.9328424334526062,-0.6828424334526062,-0.4628424048423767,-0.23284240067005157,0.05715759098529816,0.5471575856208801,1.2671575546264648,1.2271575927734375,0.46715760231018066,0.26715758442878723,0.27715760469436646,0.33715760707855225,0.42715758085250854,0.4171575903892517,0.7471575736999512,1.0771576166152954,0.9671576023101807,0.5471575856208801,1.007157564163208,-2.802842378616333,-3.552842378616333,-1.052842378616333,-1.5028424263000488,0.1671575903892517,-1.2128424644470215,-3.3328423500061035,-3.552842378616333,-3.802842378616333,-3.622842311859131,-2.992842435836792,-2.4628424644470215,-2.492842435836792,-2.802842378616333,-2.682842493057251
-1.7228424549102783,-1.7728424072265625,-1.7528424263000488,-1.642842411994934,-1.5128424167633057,-1.3728424310684204,-1.1928423643112183,-1.2228424549102783,-1.2528424263000488,-0.9628424048423767,-0.5128424167633057,-0.0228424072265625,0.18715758621692657,0.26715758442878723,0.557157576084137,1.0271575450897217,1.0571576356887817,0.6671575903892517,0.5771576166152954,0.6071575880050659,0.49715760350227356,0.4171575903892517,0.3571575880050659,0.5371575951576233,0.5871576070785522,-0.44284239411354065,-2.732842445373535,-4.372842311859131,-3.4728424549102783,-1.2728424072265625,-0.7928423881530762,-1.202842354774475,0.3871575891971588,-1.4328423738479614,-2.992842435836792,-3.4028425216674805,-3.4628424644470215,-3.252842426300049,-2.942842483520508,-2.4528424739837646,-2.56284236907959,-2.5828423500061035,-2.172842502593994
-1.59284245967865,-1.6128424406051636,-1.652842402458191,-1.5328423976898193,-1.34284245967865,-1.152842402458191,-0.9528424143791199,-0.9028424024581909,-1.0128424167633057,-0.9328424334526062,-0.47284239530563354,0.18715758621692657,0.45715758204460144,0.45715758204460144,0.5271576046943665,0.7171576023101807,0.8671575784683228,0.8671575784683228,0.8371576070785522,0.8571575880050659,0.647157609462738,0.377157598733902,0.23715759813785553,0.15715759992599487,0.047157593071460724,-1.1828423738479614,-4.502842426300049,-5.662842273712158,-2.792842388153076,-0.992842435836792,-0.8228424191474915,-1.0228424072265625,0.377157598733902,0.43715760111808777,-2.5128424167633057,-3.232842445373535,-3.112842321395874,-2.81284236907959,-2.682842493057251,-2.752842426300049,-2.4528424739837646,-2.542842388153076,-2.3328423500061035
-1.4228423833847046,-1.34284245967865,-1.3728424310684204,-1.3128423690795898,-1.2328424453735352,-1.2328424453735352,-1.0628423690795898,-0.852842390537262,-0.7928423881530762,-0.7728424072265625,-0.4628424048423767,0.18715758621692657,0.6871575713157654,0.8471575975418091,0.8271576166152954,0.7171576023101807,0.7871575951576233,0.9971575736999512,1.0771576166152954,1.0871576070785522,0.8471575975418091,0.43715760111808777,0.2271575927734375,0.047157593071460724,-0.372842401266098,-1.2328424453735352,-1.2928423881530762,-1.9228423833847046,-0.07284240424633026,-0.2128424048423767,-0.802842378616333,-0.552842378616333,0.807157576084137,0.7171576023101807,-1.8828424215316772,-2.7728424072265625,-2.802842378616333,-2.552842378616333,-2.0728423595428467,-2.8228423595428467,-2.542842388153076,-2.922842502593994,-3.3828423023223877
-1.3328423500061035,-1.2128424644470215,-1.142842411994934,-1.0828423500061035,-1.0228424072265625,-1.1328424215316772,-1.1228424310684204,-0.9028424024581909,-0.742842435836792,-0.602842390537262,-0.3428424000740051,0.11715759336948395,0.6571575999259949,1.0571576356887817,1.0171575546264648,0.7371575832366943,0.6871575713157654,0.9571576118469238,1.2171576023101807,1.2271575927734375,0.8271576166152954,0.1671575903892517,-0.10284240543842316,-0.07284240424633026,-0.6228424310684204,-1.3628424406051636,-0.422842413187027,-0.422842413187027,-0.5328423976898193,-1.1228424310684204,-1.2228424549102783,0.17715759575366974,1.2771575450897217,0.1971575915813446,-1.1828423738479614,-2.242842435836792,-2.552842378616333,-2.5328423976898193,-2.06284236907959,-2.292842388153076,-2.4528424739837646,-2.31284236907959,-2.7728424072265625
-1.2528424263000488,-1.202842354774475,-1.09284245967865,-0.9628424048423767,-0.8628423810005188,-0.942842423915863,-0.9828423857688904,-0.8328424096107483,-0.692842423915863,-0.4628424048423767,-0.12284240871667862,0.21715758740901947,0.46715760231018066,0.8471575975418091,0.9371575713157654,0.6871575713157654,0.6271575689315796,0.8871576189994812,1.1471575498580933,1.1471575498580933,0.6671575903892517,-0.1828424036502838,-0.6328424215316772,-0.5128424167633057,-0.942842423915863,-1.6928423643112183,-0.802842378616333,0.20715759694576263,-0.32284241914749146,-0.6128423810005188,-0.9228423833847046,1.257157564163208,2.497157573699951,0.17715759575366974,-0.8928424119949341,-1.7128424644470215,-1.8828424215316772,-2.122842311859131,-2.4028425216674805,-2.1428422927856445,-1.84284245967865,-1.702842354774475,-1.702842354774475
