data/time_step_0_small.json
{"header": { "parameterCategory": 2, "parameterCategoryName": "Momentum", "parameterNumber": 3, "parameterNumberName": "V-component_of_wind", "parameterUnit": "m.s-1", "nx": 145, "ny": 141, "basicAngle": 0, "lo1": 92.0, "la1": -10.0, "lo2": 128.0, "la2": 25.0, "dx": 0.25, "dy": 0.25 }, "data":
[rows 0 to 18 of 141, columns 43 to 85 of 145]
2.182382822036743,2.1023828983306885,2.582382917404175,2.682382822036743,2.312382698059082,2.392382860183716,2.562382698059082,2.562382698059082,2.302382707595825,2.0923829078674316,2.2123827934265137,2.5423827171325684,2.952382802963257,2.9823827743530273,2.4823827743530273,2.4723827838897705,2.502382755279541,2.382382869720459,2.142382860183716,2.6023828983306885,2.9423828125,3.0423827171325684,3.2723827362060547,3.3523828983306885,3.4723827838897705,3.6523828506469727,3.822382926940918,3.992382764816284,4.022382736206055,4.232382774353027,4.582382678985596,4.72238302230835,4.702383041381836,4.682382583618164,4.762382984161377,4.832382678985596,4.832382678985596,4.872382640838623,4.852382659912109,4.502382755279541,4.522382736206055,4.772382736206055,5.002382755279541
2.7323827743530273,2.7923827171325684,2.7823827266693115,2.7123827934265137,2.702382802963257,2.642382860183716,2.582382917404175,2.552382707595825,2.4023828506469727,2.4423828125,2.562382698059082,2.5423827171325684,2.7323827743530273,3.242382764816284,3.1023828983306885,2.642382860183716,2.582382917404175,2.6623828411102295,2.4423828125,2.7723827362060547,3.372382879257202,3.2223827838897705,3.452382802963257,3.642382860183716,3.9123828411102295,4.042382717132568,3.762382745742798,3.5223827362060547,3.552382707595825,3.6723828315734863,4.402382850646973,4.712382793426514,4.932382583618164,4.982382774353027,4.892382621765137,4.702383041381836,4.47238302230835,4.332382678985596,4.452383041381836,4.672382831573486,4.872382640838623,4.932382583618164,5.062382698059082
2.8523828983306885,2.822382926940918,2.7323827743530273,2.6623828411102295,2.7123827934265137,2.7223827838897705,2.6623828411102295,2.582382917404175,2.572382926940918,2.6523828506469727,2.7823827266693115,2.832382917404175,2.9623827934265137,3.4623827934265137,3.812382698059082,3.3523828983306885,2.8523828983306885,2.812382698059082,2.7123827934265137,2.5323827266693115,2.952382802963257,3.432382822036743,3.5223827362060547,3.812382698059082,3.952382802963257,3.8623828887939453,3.6923828125,3.7223827838897705,3.752382755279541,3.9123828411102295,4.392382621765137,4.72238302230835,4.742383003234863,4.582382678985596,4.522382736206055,4.532382965087891,4.602382659912109,4.66238260269165,4.842382907867432,5.072382926940918,5.132382869720459,5.102382659912109,4.962382793426514
2.9723827838897705,2.952382802963257,2.9223828315734863,2.7223827838897705,2.762382745742798,2.832382917404175,2.752382755279541,2.6923828125,2.932382822036743,2.9823827743530273,3.002382755279541,3.182382822036743,3.392382860183716,3.572382926940918,3.832382917404175,3.812382698059082,3.322382926940918,2.832382917404175,2.5923829078674316,2.452382802963257,2.682382822036743,3.242382764816284,3.632382869720459,3.752382755279541,3.742382764816284,3.762382745742798,3.882382869720459,3.752382755279541,3.6623828411102295,4.042382717132568,4.372382640838623,4.632382869720459,4.512382984161377,4.47238302230835,4.382382869720459,4.1923828125,4.092382907867432,4.272382736206055,4.492383003234863,4.652382850646973,4.742383003234863,4.882382869720459,5.032382965087891
3.6523828506469727,3.392382860183716,3.132382869720459,3.002382755279541,2.952382802963257,3.052382707595825,3.1123828887939453,2.9723827838897705,2.932382822036743,3.312382698059082,3.1723828315734863,3.142382860183716,3.432382822036743,3.7323827743530273,3.7923827171325684,3.642382860183716,3.082382917404175,2.562382698059082,2.6023828983306885,2.4423828125,2.752382755279541,3.082382917404175,3.2323827743530273,3.622382879257202,3.812382698059082,3.992382764816284,3.9623827934265137,3.9423828125,3.952382802963257,4.102382659912109,4.362382888793945,4.552382946014404,4.822382926940918,4.922382831573486,4.742383003234863,4.572382926940918,4.422382831573486,4.322382926940918,4.122382640838623,4.012382984161377,4.022382736206055,3.9723827838897705,4.072382926940918
3.552382707595825,3.392382860183716,3.302382707595825,3.182382822036743,3.0223827362060547,2.992382764816284,3.2323827743530273,3.4123828411102295,3.332382917404175,3.2223827838897705,3.072382926940918,3.122382879257202,3.252382755279541,3.512382745742798,3.6123828887939453,3.4023828506469727,2.992382764816284,2.6723828315734863,2.7723827362060547,2.6523828506469727,2.552382707595825,2.7823827266693115,3.0323827266693115,3.4823827743530273,3.8423829078674316,4.172382831573486,4.032382965087891,4.122382640838623,4.352382659912109,4.382382869720459,4.532382965087891,4.582382678985596,4.682382583618164,4.732382774353027,4.702383041381836,4.862382888793945,4.882382869720459,4.792382717132568,4.582382678985596,4.072382926940918,3.4223828315734863,3.252382755279541,3.0923829078674316
3.372382879257202,3.382382869720459,3.552382707595825,3.3523828983306885,3.122382879257202,3.122382879257202,3.142382860183716,3.3423829078674316,3.6523828506469727,3.372382879257202,2.822382926940918,2.9223828315734863,2.9423828125,2.952382802963257,3.2323827743530273,3.1723828315734863,3.012382745742798,2.742382764816284,2.702382802963257,2.6923828125,2.432382822036743,2.622382879257202,2.8623828887939453,3.262382745742798,3.892382860183716,4.312382698059082,4.362382888793945,4.462382793426514,4.842382907867432,4.862382888793945,4.852382659912109,5.042382717132568,4.742383003234863,4.502382755279541,4.402382850646973,4.082382678985596,4.462382793426514,4.672382831573486,4.572382926940918,3.242382764816284,2.2123827934265137,2.392382860183716,2.7723827362060547
3.9223828315734863,3.622382879257202,3.642382860183716,3.492382764816284,3.4623827934265137,3.5923829078674316,3.4023828506469727,3.2923827171325684,3.5423827171325684,3.4623827934265137,3.1923828125,2.822382926940918,2.992382764816284,3.142382860183716,3.382382869720459,3.6623828411102295,3.6723828315734863,3.4423828125,2.932382822036743,2.7923827171325684,2.5223827362060547,2.0423827171325684,2.1723828315734863,2.9823827743530273,3.822382926940918,4.282382965087891,4.402382850646973,4.532382965087891,4.762382984161377,4.612382888793945,4.882382869720459,4.252382755279541,3.452382802963257,2.642382860183716,1.102382779121399,0.6023828387260437,1.7223827838897705,2.0423827171325684,1.7123827934265137,1.6223827600479126,1.2423827648162842,-0.5576171875,-0.10761718451976776
4.052382946014404,3.9023828506469727,3.952382802963257,4.272382736206055,4.482382774353027,4.232382774353027,3.992382764816284,3.7723827362060547,3.7823827266693115,3.742382764816284,3.6623828411102295,3.4123828411102295,3.4023828506469727,3.7923827171325684,4.072382926940918,4.152382850646973,3.8623828887939453,3.1523828506469727,2.742382764816284,2.582382917404175,2.132382869720459,1.8723827600479126,2.0223827362060547,2.3423829078674316,3.182382822036743,4.062382698059082,4.492383003234863,4.482382774353027,4.042382717132568,3.262382745742798,1.4523828029632568,1.7423827648162842,2.6723828315734863,1.7123827934265137,0.8723828196525574,1.632382869720459,1.042382836341858,2.052382707595825,1.3123828172683716,0.5023828148841858,0.012382812798023224,1.132382869720459,1.9023828506469727
3.4023828506469727,3.9623827934265137,4.342382907867432,4.632382869720459,4.852382659912109,4.812382698059082,4.542382717132568,4.302382946014404,4.352382659912109,4.252382755279541,4.022382736206055,4.032382965087891,3.9623827934265137,4.142382621765137,4.292382717132568,4.182382583618164,3.9823827743530273,3.642382860183716,3.142382860183716,2.1123828887939453,0.07238281518220901,-1.0576171875,-0.9076172113418579,1.102382779121399,2.3523828983306885,3.182382822036743,3.1723828315734863,2.3523828983306885,0.24238280951976776,-0.6976171731948853,-0.4376171827316284,-0.06761718541383743,2.062382698059082,1.502382755279541,-0.1476171910762787,2.8423829078674316,2.2223827838897705,4.302382946014404,1.092382788658142,0.6523827910423279,1.7323827743530273,1.8923828601837158,3.7223827838897705
4.202383041381836,4.782382965087891,4.992383003234863,4.772382736206055,4.612382888793945,4.47238302230835,4.372382640838623,4.512382984161377,4.812382698059082,4.792382717132568,4.482382774353027,4.552382946014404,4.682382583618164,4.592382907867432,4.372382640838623,3.812382698059082,2.572382926940918,1.7623828649520874,1.1223827600479126,0.0023828125558793545,-1.1276172399520874,-0.29761719703674316,0.062382813543081284,0.3223828077316284,-0.01761718839406967,0.3223828077316284,-0.11761718988418579,-0.04761718586087227,-0.7276172041893005,-0.15761718153953552,0.7923828363418579,1.0223828554153442,2.752382755279541,1.852382779121399,3.1723828315734863,3.202382802963257,0.48238280415534973,3.682382822036743,1.5223828554153442,1.2323827743530273,0.2223828136920929,2.7223827838897705,5.642382621765137
4.842382907867432,5.532382965087891,5.502382755279541,5.302382946014404,4.9423828125,4.482382774353027,4.432382583618164,4.742383003234863,5.052382946014404,5.122382640838623,4.97238302230835,4.992383003234863,5.082382678985596,5.072382926940918,4.762382984161377,1.1523828506469727,0.20238281786441803,0.062382813543081284,0.7623828053474426,0.8123828172683716,1.1423828601837158,1.4623827934265137,0.9623827934265137,0.6723828315734863,1.0523828268051147,1.9223828315734863,1.8223828077316284,1.542382836341858,1.2423827648162842,1.5123828649520874,2.072382926940918,1.102382779121399,0.6623828411102295,2.3423829078674316,1.4323828220367432,2.0223827362060547,0.7623828053474426,3.512382745742798,2.062382698059082,0.39238280057907104,-1.0576171875,0.8123828172683716,3.822382926940918
5.322382926940918,5.16238260269165,4.892382621765137,4.652382850646973,4.582382678985596,4.532382965087891,4.732382774353027,5.122382640838623,5.342382907867432,5.522382736206055,5.482382774353027,5.112382888793945,5.402382850646973,4.992383003234863,1.5123828649520874,0.2523828148841858,0.5123828053474426,0.9023827910423279,1.3723827600479126,0.18238280713558197,1.2623828649520874,1.9623827934265137,2.332382917404175,2.742382764816284,3.0423827171325684,2.6023828983306885,1.5623828172683716,2.012382745742798,1.5123828649520874,1.3923828601837158,1.7423827648162842,1.042382836341858,0.5323827862739563,1.5123828649520874,2.432382822036743,2.142382860183716,1.352382779121399,1.7323827743530273,1.8023828268051147,0.7823827862739563,0.5723828077316284,0.2623828053474426,1.1223827600479126
5.002382755279541,4.582382678985596,4.612382888793945,4.322382926940918,4.422382831573486,4.47238302230835,4.552382946014404,4.682382583618164,4.892382621765137,4.982382774353027,5.102382659912109,3.082382917404175,1.882382869720459,0.6123828291893005,0.42238280177116394,0.46238282322883606,1.292382836341858,0.9523828029632568,0.9523828029632568,1.382382869720459,1.6723828315734863,1.9323828220367432,2.252382755279541,2.4123828411102295,5.032382965087891,3.762382745742798,2.2323827743530273,2.382382869720459,0.7623828053474426,0.5723828077316284,2.3623828887939453,2.742382764816284,0.5023828148841858,0.3823828101158142,3.5423827171325684,2.642382860183716,3.262382745742798,3.9723827838897705,5.022382736206055,2.452382802963257,0.8823828101158142,1.2623828649520874,1.5723828077316284
4.992383003234863,5.042382717132568,5.062382698059082,5.012382984161377,4.782382965087891,4.512382984161377,4.372382640838623,4.392382621765137,4.552382946014404,4.892382621765137,4.552382946014404,3.642382860183716,1.6823828220367432,0.17238281667232513,0.7723827958106995,0.5923827886581421,1.0523828268051147,0.9123828411102295,1.2123827934265137,1.0823827981948853,0.9723827838897705,1.4423828125,2.062382698059082,1.9823827743530273,6.292382717132568,4.332382678985596,1.9523828029632568,1.752382755279541,0.642382800579071,0.2523828148841858,2.6023828983306885,2.512382745742798,-0.29761719703674316,2.3423829078674316,6.16238260269165,3.1623828411102295,4.702383041381836,3.562382698059082,4.212382793426514,2.6523828506469727,1.852382779121399,1.6523828506469727,1.4423828125
5.142382621765137,4.992383003234863,5.022382736206055,4.822382926940918,4.742383003234863,4.552382946014404,4.602382659912109,4.6923828125,4.652382850646973,4.232382774353027,3.2123827934265137,2.492382764816284,0.1623828113079071,-0.25761717557907104,0.3723828196525574,1.2623828649520874,0.9523828029632568,0.8423827886581421,1.252382755279541,1.4223828315734863,1.5223828554153442,2.202382802963257,2.812382698059082,3.392382860183716,5.372382640838623,4.042382717132568,2.4123828411102295,1.0623828172683716,-0.17761719226837158,0.21238280832767487,1.5223828554153442,1.282382845878601,0.742382824420929,3.082382917404175,3.632382869720459,2.7923827171325684,3.252382755279541,2.872382879257202,4.042382717132568,2.882382869720459,1.8623827695846558,1.292382836341858,1.6523828506469727
4.902382850646973,4.782382965087891,4.852382659912109,4.862382888793945,4.882382869720459,4.702383041381836,4.602382659912109,3.952382802963257,3.052382707595825,2.392382860183716,0.4423828125,1.0123828649520874,1.4723827838897705,1.4323828220367432,1.542382836341858,1.4623827934265137,1.5123828649520874,2.082382917404175,1.9423828125,2.1723828315734863,2.302382707595825,2.182382822036743,2.202382802963257,2.7223827838897705,3.452382802963257,2.812382698059082,1.7323827743530273,0.7723827958106995,0.3223828077316284,0.5423828363418579,1.2323827743530273,1.4123828411102295,2.0323827266693115,3.4223828315734863,3.552382707595825,3.0323827266693115,2.9423828125,3.002382755279541,3.262382745742798,2.7723827362060547,1.9223828315734863,1.6523828506469727,1.782382845878601
4.762382984161377,4.762382984161377,4.97238302230835,4.862382888793945,4.382382869720459,3.5223827362060547,1.9923827648162842,0.30238282680511475,0.2623828053474426,-0.35761719942092896,-1.6976171731948853,-0.17761719226837158,0.14238281548023224,1.2123827934265137,1.0823827981948853,0.5623828172683716,0.7823827862739563,1.1223827600479126,0.992382824420929,0.992382824420929,1.252382755279541,1.3623827695846558,1.3923828601837158,1.502382755279541,1.6623828411102295,1.592382788658142,1.102382779121399,0.5723828077316284,0.42238280177116394,0.7923828363418579,1.3223828077316284,1.8123828172683716,2.752382755279541,3.142382860183716,3.202382802963257,3.0223827362060547,2.742382764816284,2.642382860183716,2.502382755279541,2.252382755279541,2.252382755279541,2.3523828983306885,2.6023828983306885
4.852382659912109,4.922382831573486,4.792382717132568,4.122382640838623,3.2123827934265137,1.132382869720459,-0.2776171863079071,-0.6976171731948853,-0.8876171708106995,0.24238280951976776,-0.13761718571186066,0.17238281667232513,0.6223828196525574,1.0523828268051147,0.8223828077316284,0.5523828268051147,0.6923828125,0.7623828053474426,0.8423827886581421,0.9423828125,1.0723828077316284,1.3623827695846558,1.502382755279541,1.7023828029632568,1.782382845878601,1.4223828315734863,1.0823827981948853,0.8323827981948853,0.6923828125,1.2123827934265137,1.632382869720459,1.8623827695846558,2.002382755279541,1.9723827838897705,1.6823828220367432,1.592382788658142,1.8123828172683716,2.1623828411102295,2.2723827362060547,2.562382698059082,2.562382698059082,2.7323827743530273,3.1023828983306885
